central

paper
     receipt

er  82889289 7 8792 7892 897 7892 789029 87 98729 879 82798 8
er  2887789289 72 897 8972 897 87920 78902 89709 87298 7982
er 2898792789  78902 87902 9780 98702 9807 9802 89 9870298 72
er
er
  er
    ht ai armour 82879 7892 789 8792 78927 89 78909 780
ht 
  ht er ai 

ht
  ht 8927897 89027 89027 890 789027980 2790 87 980279 082789 0978 029 78029 8709 7802 897029 7809 780298 709 87029 870298 7098 07289 702 7890 78902 8970 89720 980729 879 89 8

hong kin
        er 288879278 92 78978 902 789027 8908 79028 79028 7908 79028 7098 09728 90728 790 890728 902 8908 902 890 8902 890 9802 890 28909802 890 980 98298 98 8 8

er
er
  hong kong er er studio er pass er gui er out 82789 7 89027 892 789 78902 78902 7890 78920 7980 27890987 0
er
  yahoo 
er
  google 
er      cu 8278 78902 87902 8790 789027 89027 890 78902 78902 7890 89720 78902 7890 98702 98072 8907 98029 809 802 9802 9809 8298080
  cu 

er
  th 882778 92 789 7892789 2789 7892 789 7892 78902 7890 79802 78902 7890 8970289072980798702 98079802e
